Edge(667,669,5)
Edge(667,670,5)
Edge(668,669,5)
Edge(668,670,5)
Edge(669,671,3)
Edge(669,672,5)
Edge(670,671,3)
Edge(670,672,5)
Edge(671,673,22)
Edge(672,673,22)
Edge(673,675,20)
Edge(673,676,15)
Edge(674,675,20)
Edge(674,676,15)
Edge(675,677,8)
Edge(675,678,12)
Edge(675,679,14)
Edge(676,677,8)
Edge(676,678,12)
Edge(676,679,14)
Edge(677,680,6)
Edge(677,681,14)
Edge(677,682,14)
Edge(678,680,6)
Edge(678,681,14)
Edge(678,682,14)
Edge(679,680,6)
Edge(679,681,14)
Edge(679,682,14)
Edge(680,683,6)
Edge(680,684,17)
Edge(680,685,15)
Edge(681,683,6)
Edge(681,684,17)
Edge(681,685,15)
Edge(682,683,6)
Edge(682,684,17)
Edge(682,685,15)
Edge(683,686,6)
Edge(683,687,21)
Edge(683,688,18)
Edge(684,686,6)
Edge(684,687,21)
Edge(684,688,18)
Edge(685,686,6)
Edge(685,687,21)
Edge(685,688,18)
Edge(686,689,5)
Edge(686,690,20)
Edge(686,691,20)
Edge(687,689,5)
Edge(687,690,20)
Edge(687,691,20)
Edge(688,689,5)
Edge(688,690,20)
Edge(688,691,20)
Edge(689,692,7)
Edge(689,693,16)
Edge(689,694,19)
Edge(690,692,7)
Edge(690,693,16)
Edge(690,694,19)
Edge(691,692,7)
Edge(691,693,16)
Edge(691,694,19)
Edge(692,695,15)
Edge(692,696,13)
Edge(693,695,15)
Edge(693,696,13)
Edge(694,695,15)
Edge(694,696,13)
Edge(695,697,16)
Edge(695,698,12)
Edge(696,697,16)
Edge(696,698,12)
Edge(697,699,18)
Edge(697,700,12)
Edge(698,699,18)
Edge(698,700,12)
Edge(699,701,15)
Edge(699,702,9)
Edge(700,701,15)
Edge(700,702,9)
Edge(701,703,20)
Edge(701,704,13)
Edge(701,705,14)
Edge(702,703,20)
Edge(702,704,13)
Edge(702,705,14)
Edge(703,706,17)
Edge(703,708,19)
Edge(704,706,17)
Edge(704,708,19)
Edge(705,706,17)
Edge(705,708,19)
Edge(706,709,17)
Edge(706,710,13)
Edge(706,711,12)
Edge(707,709,17)
Edge(707,710,13)
Edge(707,711,12)
Edge(708,709,17)
Edge(708,710,13)
Edge(708,711,12)
Edge(709,712,15)
Edge(709,713,16)
Edge(709,714,17)
Edge(710,712,15)
Edge(710,713,16)
Edge(710,714,17)
Edge(711,712,15)
Edge(711,713,16)
Edge(711,714,17)
Edge(712,715,17)
Edge(712,716,20)
Edge(712,717,20)
Edge(713,715,17)
Edge(713,716,20)
Edge(713,717,20)
Edge(714,715,17)
Edge(714,716,20)
Edge(714,717,20)
Edge(715,718,12)
Edge(715,719,19)
Edge(715,720,15)
Edge(716,718,12)
Edge(716,719,19)
Edge(716,720,15)
Edge(717,718,12)
Edge(717,719,19)
Edge(717,720,15)
Edge(718,721,12)
Edge(718,723,19)
Edge(719,721,12)
Edge(719,723,19)
Edge(720,721,12)
Edge(720,723,19)
Edge(721,724,10)
Edge(721,725,15)
Edge(721,726,9)
Edge(722,724,10)
Edge(722,725,15)
Edge(722,726,9)
Edge(723,724,10)
Edge(723,725,15)
Edge(723,726,9)
Edge(724,727,11)
Edge(724,728,15)
Edge(724,729,8)
Edge(725,727,11)
Edge(725,728,15)
Edge(725,729,8)
Edge(726,727,11)
Edge(726,728,15)
Edge(726,729,8)
Edge(727,730,16)
Edge(727,731,14)
Edge(728,730,16)
Edge(728,731,14)
Edge(729,730,16)
Edge(729,731,14)
Edge(730,733,17)
Edge(730,734,19)
Edge(730,735,11)
Edge(731,733,17)
Edge(731,734,19)
Edge(731,735,11)
Edge(732,733,17)
Edge(732,734,19)
Edge(732,735,11)
Edge(733,736,19)
Edge(733,737,21)
Edge(733,738,12)
Edge(734,736,19)
Edge(734,737,21)
Edge(734,738,12)
Edge(735,736,19)
Edge(735,737,21)
Edge(735,738,12)
Edge(736,739,17)
Edge(736,740,19)
Edge(736,741,13)
Edge(737,739,17)
Edge(737,740,19)
Edge(737,741,13)
Edge(738,739,17)
Edge(738,740,19)
Edge(738,741,13)
Edge(739,742,13)
Edge(739,743,16)
Edge(739,744,15)
Edge(740,742,13)
Edge(740,743,16)
Edge(740,744,15)
Edge(741,742,13)
Edge(741,743,16)
Edge(741,744,15)
Edge(742,745,12)
Edge(742,746,14)
Edge(742,747,13)
Edge(743,745,12)
Edge(743,746,14)
Edge(743,747,13)
Edge(744,745,12)
Edge(744,746,14)
Edge(744,747,13)
Edge(745,748,17)
Edge(745,749,16)
Edge(745,750,10)
Edge(746,748,17)
Edge(746,749,16)
Edge(746,750,10)
Edge(747,748,17)
Edge(747,749,16)
Edge(747,750,10)
Edge(748,751,11)
Edge(748,752,15)
Edge(748,753,8)
Edge(749,751,11)
Edge(749,752,15)
Edge(749,753,8)
Edge(750,751,11)
Edge(750,752,15)
Edge(750,753,8)
Edge(751,754,18)
Edge(751,755,16)
Edge(751,756,10)
Edge(752,754,18)
Edge(752,755,16)
Edge(752,756,10)
Edge(753,754,18)
Edge(753,755,16)
Edge(753,756,10)
Edge(754,757,19)
Edge(754,758,22)
Edge(754,759,11)
Edge(755,757,19)
Edge(755,758,22)
Edge(755,759,11)
Edge(756,757,19)
Edge(756,758,22)
Edge(756,759,11)
Edge(757,760,13)
Edge(757,761,23)
Edge(757,762,15)
Edge(758,760,13)
Edge(758,761,23)
Edge(758,762,15)
Edge(759,760,13)
Edge(759,761,23)
Edge(759,762,15)
Edge(760,763,10)
Edge(760,764,20)
Edge(760,765,16)
Edge(761,763,10)
Edge(761,764,20)
Edge(761,765,16)
Edge(762,763,10)
Edge(762,764,20)
Edge(762,765,16)
Edge(763,766,10)
Edge(763,767,19)
Edge(763,768,15)
Edge(764,766,10)
Edge(764,767,19)
Edge(764,768,15)
Edge(765,766,10)
Edge(765,767,19)
Edge(765,768,15)
Edge(766,769,7)
Edge(766,770,19)
Edge(766,771,14)
Edge(767,769,7)
Edge(767,770,19)
Edge(767,771,14)
Edge(768,769,7)
Edge(768,770,19)
Edge(768,771,14)
Edge(769,772,7)
Edge(769,773,20)
Edge(769,774,8)
Edge(770,772,7)
Edge(770,773,20)
Edge(770,774,8)
Edge(771,772,7)
Edge(771,773,20)
Edge(771,774,8)
Edge(772,775,5)
Edge(772,776,14)
Edge(772,777,5)
Edge(773,775,5)
Edge(773,776,14)
Edge(773,777,5)
Edge(774,775,5)
Edge(774,776,14)
Edge(774,777,5)
Edge(775,778,3)
Edge(775,779,13)
Edge(775,780,5)
Edge(776,778,3)
Edge(776,779,13)
Edge(776,780,5)
Edge(777,778,3)
Edge(777,779,13)
Edge(777,780,5)
Edge(778,781,3)
Edge(778,782,11)
Edge(778,783,5)
Edge(779,781,3)
Edge(779,782,11)
Edge(779,783,5)
Edge(780,781,3)
Edge(780,782,11)
Edge(780,783,5)
Edge(781,784,3)
Edge(781,785,12)
Edge(781,786,6)
Edge(782,784,3)
Edge(782,785,12)
Edge(782,786,6)
Edge(783,784,3)
Edge(783,785,12)
Edge(783,786,6)
Edge(784,787,8)
Edge(784,788,28)
Edge(784,789,23)
Edge(785,787,8)
Edge(785,788,28)
Edge(785,789,23)
Edge(786,787,8)
Edge(786,788,28)
Edge(786,789,23)
Edge(787,790,9)
Edge(787,791,26)
Edge(787,792,27)
Edge(788,790,9)
Edge(788,791,26)
Edge(788,792,27)
Edge(789,790,9)
Edge(789,791,26)
Edge(789,792,27)
Edge(790,793,14)
Edge(790,794,39)
Edge(790,795,63)
Edge(791,793,14)
Edge(791,794,39)
Edge(791,795,63)
Edge(792,793,14)
Edge(792,794,39)
Edge(792,795,63)
Edge(793,796,13)
Edge(793,797,37)
Edge(793,798,38)
Edge(794,796,13)
Edge(794,797,37)
Edge(794,798,38)
Edge(795,796,13)
Edge(795,797,37)
Edge(795,798,38)
Edge(796,799,25)
Edge(796,800,42)
Edge(796,801,39)
Edge(797,799,25)
Edge(797,800,42)
Edge(797,801,39)
Edge(798,799,25)
Edge(798,800,42)
Edge(798,801,39)
Edge(799,802,40)
Edge(799,803,50)
Edge(799,804,42)
Edge(800,802,40)
Edge(800,803,50)
Edge(800,804,42)
Edge(801,802,40)
Edge(801,803,50)
Edge(801,804,42)
Edge(802,805,6)
Edge(802,806,29)
Edge(802,807,32)
Edge(803,805,6)
Edge(803,806,29)
Edge(803,807,32)
Edge(804,805,6)
Edge(804,806,29)
Edge(804,807,32)
Edge(805,808,7)
Edge(805,809,20)
Edge(805,810,31)
Edge(806,808,7)
Edge(806,809,20)
Edge(806,810,31)
Edge(807,808,7)
Edge(807,809,20)
Edge(807,810,31)
Edge(808,811,21)
Edge(808,812,24)
Edge(809,811,21)
Edge(809,812,24)
Edge(810,811,21)
Edge(810,812,24)
Edge(811,813,20)
Edge(811,814,21)
Edge(812,813,20)
Edge(812,814,21)
Edge(813,815,17)
Edge(813,816,18)
Edge(814,815,17)
Edge(814,816,18)
Edge(815,817,16)
Edge(815,818,16)
Edge(816,817,16)
Edge(816,818,16)
Edge(817,819,14)
Edge(817,820,17)
Edge(818,819,14)
Edge(818,820,17)
Edge(819,822,16)
Edge(819,823,24)
Edge(819,824,14)
Edge(820,822,16)
Edge(820,823,24)
Edge(820,824,14)
Edge(821,822,16)
Edge(821,823,24)
Edge(821,824,14)
Edge(822,825,13)
Edge(822,826,7)
Edge(822,827,20)
Edge(822,828,19)
Edge(823,825,13)
Edge(823,826,7)
Edge(823,827,20)
Edge(823,828,19)
Edge(824,825,13)
Edge(824,826,7)
Edge(824,827,20)
Edge(824,828,19)
Edge(825,829,5)
Edge(825,830,8)
Edge(825,831,21)
Edge(825,832,16)
Edge(826,829,5)
Edge(826,830,8)
Edge(826,831,21)
Edge(826,832,16)
Edge(827,829,5)
Edge(827,830,8)
Edge(827,831,21)
Edge(827,832,16)
Edge(828,829,5)
Edge(828,830,8)
Edge(828,831,21)
Edge(828,832,16)
Edge(829,833,12)
Edge(829,834,18)
Edge(829,835,18)
Edge(830,833,12)
Edge(830,834,18)
Edge(830,835,18)
Edge(831,833,12)
Edge(831,834,18)
Edge(831,835,18)
Edge(832,833,12)
Edge(832,834,18)
Edge(832,835,18)
Edge(833,836,14)
Edge(833,837,21)
Edge(833,838,17)
Edge(834,836,14)
Edge(834,837,21)
Edge(834,838,17)
Edge(835,836,14)
Edge(835,837,21)
Edge(835,838,17)
Edge(836,839,30)
Edge(836,840,18)
Edge(836,841,11)
Edge(837,839,30)
Edge(837,840,18)
Edge(837,841,11)
Edge(838,839,30)
Edge(838,840,18)
Edge(838,841,11)
Edge(842,845,39)
Edge(842,846,26)
Edge(842,847,33)
Edge(843,845,39)
Edge(843,846,26)
Edge(843,847,33)
Edge(844,845,39)
Edge(844,846,26)
Edge(844,847,33)
Edge(845,848,10)
Edge(845,849,24)
Edge(845,850,26)
Edge(846,848,10)
Edge(846,849,24)
Edge(846,850,26)
Edge(847,848,10)
Edge(847,849,24)
Edge(847,850,26)
Edge(848,851,13)
Edge(848,853,13)
Edge(849,851,13)
Edge(849,853,13)
Edge(850,851,13)
Edge(850,853,13)
Edge(851,854,34)
Edge(851,855,23)
Edge(851,856,14)
Edge(852,854,34)
Edge(852,855,23)
Edge(852,856,14)
Edge(853,854,34)
Edge(853,855,23)
Edge(853,856,14)
Edge(857,860,5)
Edge(857,861,15)
Edge(857,862,14)
Edge(858,860,5)
Edge(858,861,15)
Edge(858,862,14)
Edge(859,860,5)
Edge(859,861,15)
Edge(859,862,14)
Edge(860,863,17)
Edge(860,864,33)
Edge(860,865,19)
Edge(861,863,17)
Edge(861,864,33)
Edge(861,865,19)
Edge(862,863,17)
Edge(862,864,33)
Edge(862,865,19)
Edge(863,866,49)
Edge(863,867,63)
Edge(863,868,17)
Edge(864,866,49)
Edge(864,867,63)
Edge(864,868,17)
Edge(865,866,49)
Edge(865,867,63)
Edge(865,868,17)
Edge(866,869,24)
Edge(866,870,60)
Edge(866,871,28)
Edge(867,869,24)
Edge(867,870,60)
Edge(867,871,28)
Edge(868,869,24)
Edge(868,870,60)
Edge(868,871,28)
Edge(869,872,20)
Edge(869,873,60)
Edge(870,872,20)
Edge(870,873,60)
Edge(871,872,20)
Edge(871,873,60)
Edge(872,874,82)
Edge(872,875,33)
Edge(873,874,82)
Edge(873,875,33)
Edge(874,876,120)
Edge(874,877,60)
Edge(875,876,120)
Edge(875,877,60)
Edge(876,878,84)
Edge(876,879,36)
Edge(877,878,84)
Edge(877,879,36)
Edge(878,880,30)
Edge(878,881,53)
Edge(878,883,60)
Edge(879,880,30)
Edge(879,881,53)
Edge(879,883,60)
Edge(880,884,60)
Edge(880,885,93)
Edge(880,886,86)
Edge(880,887,60)
Edge(881,884,60)
Edge(881,885,93)
Edge(881,886,86)
Edge(881,887,60)
Edge(882,884,60)
Edge(882,885,93)
Edge(882,886,86)
Edge(882,887,60)
Edge(883,884,60)
Edge(883,885,93)
Edge(883,886,86)
Edge(883,887,60)
Edge(884,888,63)
Edge(884,889,41)
Edge(884,890,41)
Edge(884,891,57)
Edge(885,888,63)
Edge(885,889,41)
Edge(885,890,41)
Edge(885,891,57)
Edge(886,888,63)
Edge(886,889,41)
Edge(886,890,41)
Edge(886,891,57)
Edge(887,888,63)
Edge(887,889,41)
Edge(887,890,41)
Edge(887,891,57)
Edge(888,892,46)
Edge(888,893,34)
Edge(888,894,34)
Edge(888,895,33)
Edge(889,892,46)
Edge(889,893,34)
Edge(889,894,34)
Edge(889,895,33)
Edge(890,892,46)
Edge(890,893,34)
Edge(890,894,34)
Edge(890,895,33)
Edge(891,892,46)
Edge(891,893,34)
Edge(891,894,34)
Edge(891,895,33)
Edge(892,896,29)
Edge(892,897,29)
Edge(892,898,32)
Edge(892,899,41)
Edge(893,896,29)
Edge(893,897,29)
Edge(893,898,32)
Edge(893,899,41)
Edge(894,896,29)
Edge(894,897,29)
Edge(894,898,32)
Edge(894,899,41)
Edge(895,896,29)
Edge(895,897,29)
Edge(895,898,32)
Edge(895,899,41)
Edge(896,900,60)
Edge(896,901,55)
Edge(896,902,46)
Edge(896,903,67)
Edge(897,900,60)
Edge(897,901,55)
Edge(897,902,46)
Edge(897,903,67)
Edge(898,900,60)
Edge(898,901,55)
Edge(898,902,46)
Edge(898,903,67)
Edge(899,900,60)
Edge(899,901,55)
Edge(899,902,46)
Edge(899,903,67)
Edge(900,904,24)
Edge(900,905,21)
Edge(900,906,47)
Edge(900,907,24)
Edge(901,904,24)
Edge(901,905,21)
Edge(901,906,47)
Edge(901,907,24)
Edge(902,904,24)
Edge(902,905,21)
Edge(902,906,47)
Edge(902,907,24)
Edge(903,904,24)
Edge(903,905,21)
Edge(903,906,47)
Edge(903,907,24)
Edge(904,908,73)
Edge(904,909,81)
Edge(904,910,60)
Edge(904,911,34)
Edge(905,908,73)
Edge(905,909,81)
Edge(905,910,60)
Edge(905,911,34)
Edge(906,908,73)
Edge(906,909,81)
Edge(906,910,60)
Edge(906,911,34)
Edge(907,908,73)
Edge(907,909,81)
Edge(907,910,60)
Edge(907,911,34)
Edge(908,912,60)
Edge(908,913,76)
Edge(908,914,54)
Edge(908,915,49)
Edge(909,912,60)
Edge(909,913,76)
Edge(909,914,54)
Edge(909,915,49)
Edge(910,912,60)
Edge(910,913,76)
Edge(910,914,54)
Edge(910,915,49)
Edge(911,912,60)
Edge(911,913,76)
Edge(911,914,54)
Edge(911,915,49)
Edge(912,916,52)
Edge(912,918,78)
Edge(912,919,44)
Edge(913,916,52)
Edge(913,918,78)
Edge(913,919,44)
Edge(914,916,52)
Edge(914,918,78)
Edge(914,919,44)
Edge(915,916,52)
Edge(915,918,78)
Edge(915,919,44)
Edge(916,920,37)
Edge(916,921,43)
Edge(916,922,40)
Edge(916,923,56)
Edge(917,920,37)
Edge(917,921,43)
Edge(917,922,40)
Edge(917,923,56)
Edge(918,920,37)
Edge(918,921,43)
Edge(918,922,40)
Edge(918,923,56)
Edge(919,920,37)
Edge(919,921,43)
Edge(919,922,40)
Edge(919,923,56)
Edge(920,924,21)
Edge(920,925,60)
Edge(920,926,83)
Edge(920,927,49)
Edge(921,924,21)
Edge(921,925,60)
Edge(921,926,83)
Edge(921,927,49)
Edge(922,924,21)
Edge(922,925,60)
Edge(922,926,83)
Edge(922,927,49)
Edge(923,924,21)
Edge(923,925,60)
Edge(923,926,83)
Edge(923,927,49)
Edge(924,928,36)
Edge(924,929,137)
Edge(924,930,43)
Edge(924,931,69)
Edge(925,928,36)
Edge(925,929,137)
Edge(925,930,43)
Edge(925,931,69)
Edge(926,928,36)
Edge(926,929,137)
Edge(926,930,43)
Edge(926,931,69)
Edge(927,928,36)
Edge(927,929,137)
Edge(927,930,43)
Edge(927,931,69)
Edge(935,938,20)
Edge(935,939,103)
Edge(935,940,109)
Edge(935,941,30)
Edge(936,938,20)
Edge(936,939,103)
Edge(936,940,109)
Edge(936,941,30)
Edge(937,938,20)
Edge(937,939,103)
Edge(937,940,109)
Edge(937,941,30)
Edge(938,943,5)
Edge(938,944,4)
Edge(938,945,3)
Edge(939,943,5)
Edge(939,944,4)
Edge(939,945,3)
Edge(940,943,5)
Edge(940,944,4)
Edge(940,945,3)
Edge(941,943,5)
Edge(941,944,4)
Edge(941,945,3)
Edge(942,947,39)
Edge(942,948,47)
Edge(942,949,9)
Edge(943,947,39)
Edge(943,948,47)
Edge(943,949,9)
Edge(944,947,39)
Edge(944,948,47)
Edge(944,949,9)
Edge(945,947,39)
Edge(945,948,47)
Edge(945,949,9)
Edge(946,1923,35)
Edge(946,1924,50)
Edge(947,1923,35)
Edge(947,1924,50)
Edge(948,1923,35)
Edge(948,1924,50)
Edge(949,1923,35)
Edge(949,1924,50)
Edge(950,1927,55)
Edge(950,1928,51)
Edge(951,1927,55)
Edge(951,1928,51)
Edge(952,1927,55)
Edge(952,1928,51)
Edge(953,1935,40)
Edge(953,1936,43)
Edge(954,1935,40)
Edge(954,1936,43)
Edge(955,1935,40)
Edge(955,1936,43)
Edge(956,1937,31)
Edge(956,1938,31)
Edge(957,1937,31)
Edge(957,1938,31)
Edge(958,1937,31)
Edge(958,1938,31)
Edge(962,1955,72)
Edge(962,1956,32)
Edge(963,1955,72)
Edge(963,1956,32)
Edge(964,1955,72)
Edge(964,1956,32)
Edge(965,1961,76)
Edge(965,1962,66)
Edge(966,1961,76)
Edge(966,1962,66)
Edge(967,1965,60)
Edge(967,1966,55)
Edge(968,1965,60)
Edge(968,1966,55)
Edge(969,971,340)
Edge(969,972,280)
Edge(970,971,340)
Edge(970,972,280)
Edge(971,973,36)
Edge(971,974,142)
Edge(971,975,114)
Edge(972,973,36)
Edge(972,974,142)
Edge(972,975,114)
Edge(973,977,9)
Edge(973,978,49)
Edge(973,979,27)
Edge(973,980,34)
Edge(973,981,24)
Edge(974,977,9)
Edge(974,978,49)
Edge(974,979,27)
Edge(974,980,34)
Edge(974,981,24)
Edge(975,977,9)
Edge(975,978,49)
Edge(975,979,27)
Edge(975,980,34)
Edge(975,981,24)
Edge(976,982,12)
Edge(976,983,19)
Edge(976,984,18)
Edge(976,985,24)
Edge(976,986,20)
Edge(977,982,12)
Edge(977,983,19)
Edge(977,984,18)
Edge(977,985,24)
Edge(977,986,20)
Edge(978,982,12)
Edge(978,983,19)
Edge(978,984,18)
Edge(978,985,24)
Edge(978,986,20)
Edge(979,982,12)
Edge(979,983,19)
Edge(979,984,18)
Edge(979,985,24)
Edge(979,986,20)
Edge(980,982,12)
Edge(980,983,19)
Edge(980,984,18)
Edge(980,985,24)
Edge(980,986,20)
Edge(981,982,12)
Edge(981,983,19)
Edge(981,984,18)
Edge(981,985,24)
Edge(981,986,20)
Edge(982,987,22)
Edge(982,988,14)
Edge(982,989,19)
Edge(982,990,24)
Edge(982,991,23)
Edge(983,987,22)
Edge(983,988,14)
Edge(983,989,19)
Edge(983,990,24)
Edge(983,991,23)
Edge(984,987,22)
Edge(984,988,14)
Edge(984,989,19)
Edge(984,990,24)
Edge(984,991,23)
Edge(985,987,22)
Edge(985,988,14)
Edge(985,989,19)
Edge(985,990,24)
Edge(985,991,23)
Edge(986,987,22)
Edge(986,988,14)
Edge(986,989,19)
Edge(986,990,24)
Edge(986,991,23)
Edge(987,992,20)
Edge(987,993,17)
Edge(987,994,29)
Edge(987,995,22)
Edge(988,992,20)
Edge(988,993,17)
Edge(988,994,29)
Edge(988,995,22)
Edge(989,992,20)
Edge(989,993,17)
Edge(989,994,29)
Edge(989,995,22)
Edge(990,992,20)
Edge(990,993,17)
Edge(990,994,29)
Edge(990,995,22)
Edge(991,992,20)
Edge(991,993,17)
Edge(991,994,29)
Edge(991,995,22)
Edge(992,996,23)
Edge(992,997,21)
Edge(992,998,25)
Edge(992,999,26)
Edge(993,996,23)
Edge(993,997,21)
Edge(993,998,25)
Edge(993,999,26)
Edge(994,996,23)
Edge(994,997,21)
Edge(994,998,25)
Edge(994,999,26)
Edge(995,996,23)
Edge(995,997,21)
Edge(995,998,25)
Edge(995,999,26)
Edge(996,1000,24)
Edge(996,1001,20)
Edge(996,1002,25)
Edge(996,1003,23)
Edge(997,1000,24)
Edge(997,1001,20)
Edge(997,1002,25)
Edge(997,1003,23)
Edge(998,1000,24)
Edge(998,1001,20)
Edge(998,1002,25)
Edge(998,1003,23)
Edge(999,1000,24)
Edge(999,1001,20)
Edge(999,1002,25)
Edge(999,1003,23)
Edge(1000,1004,2)
Edge(1000,1005,29)
Edge(1000,1006,23)
Edge(1000,1007,24)
Edge(1000,1008,23)
Edge(1001,1004,2)
Edge(1001,1005,29)
Edge(1001,1006,23)
Edge(1001,1007,24)
Edge(1001,1008,23)
Edge(1002,1004,2)
Edge(1002,1005,29)
Edge(1002,1006,23)
Edge(1002,1007,24)
Edge(1002,1008,23)
Edge(1003,1004,2)
Edge(1003,1005,29)
Edge(1003,1006,23)
Edge(1003,1007,24)
Edge(1003,1008,23)
Edge(1004,1009,23)
Edge(1004,1010,28)
Edge(1004,1011,18)
Edge(1004,1012,22)
Edge(1005,1009,23)
Edge(1005,1010,28)
Edge(1005,1011,18)
Edge(1005,1012,22)
Edge(1006,1009,23)
Edge(1006,1010,28)
Edge(1006,1011,18)
Edge(1006,1012,22)
Edge(1007,1009,23)
Edge(1007,1010,28)
Edge(1007,1011,18)
Edge(1007,1012,22)
Edge(1008,1009,23)
Edge(1008,1010,28)
Edge(1008,1011,18)
Edge(1008,1012,22)
Edge(1009,1013,16)
Edge(1009,1014,36)
Edge(1009,1015,24)
Edge(1009,1016,22)
Edge(1010,1013,16)
Edge(1010,1014,36)
Edge(1010,1015,24)
Edge(1010,1016,22)
Edge(1011,1013,16)
Edge(1011,1014,36)
Edge(1011,1015,24)
Edge(1011,1016,22)
Edge(1012,1013,16)
Edge(1012,1014,36)
Edge(1012,1015,24)
Edge(1012,1016,22)
Edge(1017,1022,51)
Edge(1017,1023,39)
Edge(1017,1024,25)
Edge(1018,1022,51)
Edge(1018,1023,39)
Edge(1018,1024,25)
Edge(1019,1022,51)
Edge(1019,1023,39)
Edge(1019,1024,25)
Edge(1020,1022,51)
Edge(1020,1023,39)
Edge(1020,1024,25)
Edge(1021,1022,51)
Edge(1021,1023,39)
Edge(1021,1024,25)
Edge(1025,1029,17)
Edge(1025,1030,25)
Edge(1025,1031,29)
Edge(1025,1032,25)
Edge(1026,1029,17)
Edge(1026,1030,25)
Edge(1026,1031,29)
Edge(1026,1032,25)
Edge(1027,1029,17)
Edge(1027,1030,25)
Edge(1027,1031,29)
Edge(1027,1032,25)
Edge(1028,1029,17)
Edge(1028,1030,25)
Edge(1028,1031,29)
Edge(1028,1032,25)
Edge(1029,1033,14)
Edge(1029,1034,23)
Edge(1029,1035,23)
Edge(1029,1036,24)
Edge(1030,1033,14)
Edge(1030,1034,23)
Edge(1030,1035,23)
Edge(1030,1036,24)
Edge(1031,1033,14)
Edge(1031,1034,23)
Edge(1031,1035,23)
Edge(1031,1036,24)
Edge(1032,1033,14)
Edge(1032,1034,23)
Edge(1032,1035,23)
Edge(1032,1036,24)
Edge(1033,1037,17)
Edge(1033,1038,20)
Edge(1033,1039,26)
Edge(1033,1040,19)
Edge(1034,1037,17)
Edge(1034,1038,20)
Edge(1034,1039,26)
Edge(1034,1040,19)
Edge(1035,1037,17)
Edge(1035,1038,20)
Edge(1035,1039,26)
Edge(1035,1040,19)
Edge(1036,1037,17)
Edge(1036,1038,20)
Edge(1036,1039,26)
Edge(1036,1040,19)
Edge(1037,1041,14)
Edge(1037,1042,22)
Edge(1037,1043,21)
Edge(1037,1044,21)
Edge(1038,1041,14)
Edge(1038,1042,22)
Edge(1038,1043,21)
Edge(1038,1044,21)
Edge(1039,1041,14)
Edge(1039,1042,22)
Edge(1039,1043,21)
Edge(1039,1044,21)
Edge(1040,1041,14)
Edge(1040,1042,22)
Edge(1040,1043,21)
Edge(1040,1044,21)
Edge(1041,1045,18)
Edge(1041,1046,28)
Edge(1041,1047,24)
Edge(1041,1048,19)
Edge(1042,1045,18)
Edge(1042,1046,28)
Edge(1042,1047,24)
Edge(1042,1048,19)
Edge(1043,1045,18)
Edge(1043,1046,28)
Edge(1043,1047,24)
Edge(1043,1048,19)
Edge(1044,1045,18)
Edge(1044,1046,28)
Edge(1044,1047,24)
Edge(1044,1048,19)
Edge(1045,1049,26)
Edge(1045,1050,17)
Edge(1045,1051,8)
Edge(1045,1052,19)
Edge(1045,1053,17)
Edge(1046,1049,26)
Edge(1046,1050,17)
Edge(1046,1051,8)
Edge(1046,1052,19)
Edge(1046,1053,17)
Edge(1047,1049,26)
Edge(1047,1050,17)
Edge(1047,1051,8)
Edge(1047,1052,19)
Edge(1047,1053,17)
Edge(1048,1049,26)
Edge(1048,1050,17)
Edge(1048,1051,8)
Edge(1048,1052,19)
Edge(1048,1053,17)
Edge(1049,1054,9)
Edge(1049,1055,19)
Edge(1049,1056,13)
Edge(1050,1054,9)
Edge(1050,1055,19)
Edge(1050,1056,13)
Edge(1051,1054,9)
Edge(1051,1055,19)
Edge(1051,1056,13)
Edge(1052,1054,9)
Edge(1052,1055,19)
Edge(1052,1056,13)
Edge(1053,1054,9)
Edge(1053,1055,19)
Edge(1053,1056,13)
Edge(1054,1057,12)
Edge(1054,1058,19)
Edge(1054,1059,13)
Edge(1055,1057,12)
Edge(1055,1058,19)
Edge(1055,1059,13)
Edge(1056,1057,12)
Edge(1056,1058,19)
Edge(1056,1059,13)
Edge(1057,1060,15)
Edge(1057,1061,20)
Edge(1057,1062,17)
Edge(1058,1060,15)
Edge(1058,1061,20)
Edge(1058,1062,17)
Edge(1059,1060,15)
Edge(1059,1061,20)
Edge(1059,1062,17)
Edge(1060,1063,16)
Edge(1060,1064,23)
Edge(1060,1065,17)
Edge(1061,1063,16)
Edge(1061,1064,23)
Edge(1061,1065,17)
Edge(1062,1063,16)
Edge(1062,1064,23)
Edge(1062,1065,17)
Edge(1066,1070,9)
Edge(1066,1071,25)
Edge(1066,1072,21)
Edge(1066,1073,16)
Edge(1067,1070,9)
Edge(1067,1071,25)
Edge(1067,1072,21)
Edge(1067,1073,16)
Edge(1068,1070,9)
Edge(1068,1071,25)
Edge(1068,1072,21)
Edge(1068,1073,16)
Edge(1069,1070,9)
Edge(1069,1071,25)
Edge(1069,1072,21)
Edge(1069,1073,16)
Edge(1070,1074,12)
Edge(1070,1075,20)
Edge(1070,1076,17)
Edge(1070,1077,20)
Edge(1071,1074,12)
Edge(1071,1075,20)
Edge(1071,1076,17)
Edge(1071,1077,20)
Edge(1072,1074,12)
Edge(1072,1075,20)
Edge(1072,1076,17)
Edge(1072,1077,20)
Edge(1073,1074,12)
Edge(1073,1075,20)
Edge(1073,1076,17)
Edge(1073,1077,20)
Edge(1074,1078,38)
Edge(1074,1079,15)
Edge(1074,1080,27)
Edge(1074,1081,32)
Edge(1075,1078,38)
Edge(1075,1079,15)
Edge(1075,1080,27)
Edge(1075,1081,32)
Edge(1076,1078,38)
Edge(1076,1079,15)
Edge(1076,1080,27)
Edge(1076,1081,32)
Edge(1077,1078,38)
Edge(1077,1079,15)
Edge(1077,1080,27)
Edge(1077,1081,32)
Edge(1078,1082,57)
Edge(1078,1083,20)
Edge(1078,1084,18)
Edge(1078,1085,22)
Edge(1079,1082,57)
Edge(1079,1083,20)
Edge(1079,1084,18)
Edge(1079,1085,22)
Edge(1080,1082,57)
Edge(1080,1083,20)
Edge(1080,1084,18)
Edge(1080,1085,22)
Edge(1081,1082,57)
Edge(1081,1083,20)
Edge(1081,1084,18)
Edge(1081,1085,22)
Edge(1082,1086,54)
Edge(1082,1087,13)
Edge(1082,1088,33)
Edge(1082,1089,34)
Edge(1083,1086,54)
Edge(1083,1087,13)
Edge(1083,1088,33)
Edge(1083,1089,34)
Edge(1084,1086,54)
Edge(1084,1087,13)
Edge(1084,1088,33)
Edge(1084,1089,34)
Edge(1085,1086,54)
Edge(1085,1087,13)
Edge(1085,1088,33)
Edge(1085,1089,34)
Edge(1086,1090,52)
Edge(1086,1091,23)
Edge(1086,1092,37)
Edge(1086,1093,36)
Edge(1087,1090,52)
Edge(1087,1091,23)
Edge(1087,1092,37)
Edge(1087,1093,36)
Edge(1088,1090,52)
Edge(1088,1091,23)
Edge(1088,1092,37)
Edge(1088,1093,36)
Edge(1089,1090,52)
Edge(1089,1091,23)
Edge(1089,1092,37)
Edge(1089,1093,36)
Edge(1090,1094,40)
Edge(1090,1095,16)
Edge(1090,1096,19)
Edge(1090,1097,19)
Edge(1091,1094,40)
Edge(1091,1095,16)
Edge(1091,1096,19)
Edge(1091,1097,19)
Edge(1092,1094,40)
Edge(1092,1095,16)
Edge(1092,1096,19)
Edge(1092,1097,19)
Edge(1093,1094,40)
Edge(1093,1095,16)
Edge(1093,1096,19)
Edge(1093,1097,19)
Edge(1094,1098,34)
Edge(1094,1099,11)
Edge(1094,1100,18)
Edge(1094,1101,21)
Edge(1095,1098,34)
Edge(1095,1099,11)
Edge(1095,1100,18)
Edge(1095,1101,21)
Edge(1096,1098,34)
Edge(1096,1099,11)
Edge(1096,1100,18)
Edge(1096,1101,21)
Edge(1097,1098,34)
Edge(1097,1099,11)
Edge(1097,1100,18)
Edge(1097,1101,21)
Edge(1098,1102,33)
Edge(1098,1103,5)
Edge(1098,1104,14)
Edge(1098,1105,10)
Edge(1099,1102,33)
Edge(1099,1103,5)
Edge(1099,1104,14)
Edge(1099,1105,10)
Edge(1100,1102,33)
Edge(1100,1103,5)
Edge(1100,1104,14)
Edge(1100,1105,10)
Edge(1101,1102,33)
Edge(1101,1103,5)
Edge(1101,1104,14)
Edge(1101,1105,10)
Edge(1925,1931,37)
Edge(1925,1932,45)
Edge(1926,1931,37)
Edge(1926,1932,45)
Edge(1927,1931,37)
Edge(1927,1932,45)
Edge(1928,1931,37)
Edge(1928,1932,45)
Edge(1937,1939,31)
Edge(1937,1940,32)
Edge(1938,1939,31)
Edge(1938,1940,32)
Edge(1939,1941,37)
Edge(1939,1942,37)
Edge(1940,1941,37)
Edge(1940,1942,37)
Edge(1941,1944,39)
Edge(1942,1944,39)
Edge(1943,1945,6)
Edge(1943,1947,66)
Edge(1943,1948,48)
Edge(1944,1945,6)
Edge(1944,1947,66)
Edge(1944,1948,48)
Edge(1945,1950,47)
Edge(1945,1951,41)
Edge(1946,1950,47)
Edge(1946,1951,41)
Edge(1947,1950,47)
Edge(1947,1951,41)
Edge(1948,1950,47)
Edge(1948,1951,41)
Edge(1949,1953,60)
Edge(1949,1954,36)
Edge(1950,1953,60)
Edge(1950,1954,36)
Edge(1951,1953,60)
Edge(1951,1954,36)
Edge(1952,1953,60)
Edge(1952,1954,36)
Edge(1955,1957,73)
Edge(1955,1958,87)
Edge(1956,1957,73)
Edge(1956,1958,87)
Edge(1957,1959,55)
Edge(1957,1960,107)
Edge(1958,1959,55)
Edge(1958,1960,107)
Edge(1961,1963,55)
Edge(1961,1964,68)
Edge(1962,1963,55)
Edge(1962,1964,68)
Edge(1965,969,120)
Edge(1965,970,138)
Edge(1966,969,120)
Edge(1966,970,138)
