Edge(668,670,5)
Edge(670,672,5)
Edge(674,676,15)
Edge(676,679,14)
Edge(679,682,14)
Edge(682,685,15)
Edge(685,688,18)
Edge(688,691,20)
Edge(691,694,19)
Edge(694,696,13)
Edge(696,698,12)
Edge(698,700,12)
Edge(700,702,9)
Edge(702,705,14)
Edge(705,708,19)
Edge(708,711,12)
Edge(711,714,17)
Edge(714,717,20)
Edge(717,720,15)
Edge(720,723,19)
Edge(723,726,9)
Edge(726,729,8)
Edge(732,735,11)
Edge(735,738,12)
Edge(738,741,13)
Edge(741,744,15)
Edge(744,747,13)
Edge(747,750,10)
Edge(750,753,8)
Edge(753,756,10)
Edge(756,759,11)
Edge(759,762,15)
Edge(762,765,16)
Edge(765,768,15)
Edge(768,771,14)
Edge(771,774,8)
Edge(774,777,5)
Edge(777,780,5)
Edge(780,783,5)
Edge(783,786,6)
Edge(786,789,23)
Edge(789,792,27)
Edge(792,795,63)
Edge(795,798,38)
Edge(798,801,39)
Edge(801,804,42)
Edge(804,807,32)
Edge(807,810,31)
Edge(810,812,24)
Edge(812,814,21)
Edge(814,816,18)
Edge(816,818,16)
Edge(821,824,14)
Edge(824,828,19)
Edge(828,832,16)
Edge(832,835,18)
Edge(835,838,17)
Edge(838,841,11)
Edge(844,847,33)
Edge(847,850,26)
Edge(850,853,13)
Edge(853,856,14)
Edge(859,862,14)
Edge(862,865,19)
Edge(865,868,17)
Edge(868,871,28)
Edge(871,873,60)
Edge(873,875,33)
Edge(875,877,60)
Edge(877,879,36)
Edge(879,883,60)
Edge(883,887,60)
Edge(887,891,57)
Edge(891,895,33)
Edge(895,899,41)
Edge(899,903,67)
Edge(903,907,24)
Edge(907,911,34)
Edge(911,915,49)
Edge(915,919,44)
Edge(919,923,56)
Edge(923,927,49)
Edge(927,931,69)
Edge(937,941,30)
Edge(941,945,3)
Edge(945,949,9)
Edge(949,1924,50)
Edge(952,1928,51)
Edge(955,1936,43)
Edge(958,1938,31)
Edge(964,1956,32)
Edge(966,1962,66)
Edge(968,1966,55)
Edge(970,972,280)
Edge(972,975,114)
Edge(975,981,24)
Edge(981,986,20)
Edge(986,991,23)
Edge(991,995,22)
Edge(995,999,26)
Edge(999,1003,23)
Edge(1003,1008,23)
Edge(1008,1012,22)
Edge(1012,1016,22)
Edge(1021,1024,25)
Edge(1028,1032,25)
Edge(1032,1036,24)
Edge(1036,1040,19)
Edge(1040,1044,21)
Edge(1044,1048,19)
Edge(1048,1053,17)
Edge(1053,1056,13)
Edge(1056,1059,13)
Edge(1059,1062,17)
Edge(1062,1065,17)
Edge(1069,1073,16)
Edge(1073,1077,20)
Edge(1077,1081,32)
Edge(1081,1085,22)
Edge(1085,1089,34)
Edge(1089,1093,36)
Edge(1093,1097,19)
Edge(1097,1101,21)
Edge(1101,1105,10)
Edge(1928,1932,45)
Edge(1938,1940,32)
Edge(1940,1942,37)
Edge(1942,1944,39)
Edge(1944,1948,48)
Edge(1952,1954,36)
Edge(1956,1958,87)
Edge(1958,1960,107)
Edge(1962,1964,68)
Edge(1966,970,138)
